876332
198877
443588
1185494
1520402
915879
369866
1089143
1504224
123434
1506824
743237
859447
412975
331611
1170435
1952202
174972
1525145
318924
1535662
1662783
168003
1799906
802402
718558
1820653
1964252
202894
1751673
528653
555918
1780578
1686408
1264406
1700095
1062781
496777
684265
1967480
974178
274563
1453334
1502104
1058278
635598
1422170
498251
1901140
1207980
1442266
303935
459416
506818
1076223
1596495
788035
1640738
1860492
1258766
1774085
209396
1840413
1551396
1168850
1465576
1931462
1616255
1814574
1862537
1052156
117343
482795
1329365
1188292
210964
464090
1356457
175650
824078
202523
83292
141546
870574
1079878
274113
1181694
471684
340140
1858900
1689568
347518
1846424
396609
1132766
1904733
1730504
1326895
